00000000 00000
00000001 10001
00000010 10010
00000011 10011
00000100 10100
00000101 10101
00000110 10110
00000111 10111
00001000 11000
00001001 11001
00010000 00001
00010001 00000
00010010 10001
00010011 10010
00010100 10011
00010101 10100
00010110 10101
00010111 10110
00011000 10111
00011001 11000
00100000 00010
00100001 00001
00100010 00000
00100011 10001
00100100 10010
00100101 10011
00100110 10100
00100111 10101
00101000 10110
00101001 10111
00110000 00011
00110001 00010
00110010 00001
00110011 00000
00110100 10001
00110101 10010
00110110 10011
00110111 10100
00111000 10101
00111001 10110
01000000 00100
01000001 00011
01000010 00010
01000011 00001
01000100 00000
01000101 10001
01000110 10010
01000111 10011
01001000 10100
01001001 10101
01010000 00101
01010001 00100
01010010 00011
01010011 00010
01010100 00001
01010101 00000
01010110 10001
01010111 10010
01011000 10011
01011001 10100
01100000 00110
01100001 00101
01100010 00100
01100011 00011
01100100 00010
01100101 00001
01100110 00000
01100111 10001
01101000 10010
01101001 10011
01110000 00111
01110001 00110
01110010 00101
01110011 00100
01110100 00011
01110101 00010
01110110 00001
01110111 00000
01111000 10001
01111001 10010
10000000 01000
10000001 00111
10000010 00110
10000011 00101
10000100 00100
10000101 00011
10000110 00010
10000111 00001
10001000 00000
10001001 10001
10010000 01001
10010001 01000
10010010 00111
10010011 00110
10010100 00101
10010101 00100
10010110 00011
10010111 00010
10011000 00001
10011001 00000
