00000000 000000 111111
00000001 000001 111111
00000010 000010 111111
00000011 000011 111111
00000100 000100 111111
00000101 000101 111111
00000110 000110 111111
00000111 000111 111111
00001000 000000 111111
00001001 000000 111111
00001010 000000 111111
00001011 000000 111111
00001100 000000 111111
00001101 000000 111111
00001110 000000 111111
00001111 000000 111111
00010000 000001 111111
00010001 000000 111111
00010010 000010 111111
00010011 000011 111111
00010100 000100 111111
00010101 000101 111111
00010110 000110 111111
00010111 000111 111111
00011000 000000 111111
00011001 000001 111111
00011010 000000 111111
00011011 000001 111111
00011100 000000 111111
00011101 000001 111111
00011110 000000 111111
00011111 000001 111111
00100000 000010 111111
00100001 000010 111111
00100010 000000 111111
00100011 000011 111111
00100100 000100 111111
00100101 000101 111111
00100110 000110 111111
00100111 000111 111111
00101000 000000 111111
00101001 000000 111111
00101010 000010 111111
00101011 000010 111111
00101100 000000 111111
00101101 000000 111111
00101110 000010 111111
00101111 000010 111111
00110000 000011 111111
00110001 000011 111111
00110010 000011 111111
00110011 000000 111111
00110100 000100 111111
00110101 000101 111111
00110110 000110 111111
00110111 000111 111111
00111000 000000 111111
00111001 000001 111111
00111010 000010 111111
00111011 000011 111111
00111100 000000 111111
00111101 000001 111111
00111110 000010 111111
00111111 000011 111111
01000000 000100 111111
01000001 000100 111111
01000010 000100 111111
01000011 000100 111111
01000100 000000 111111
01000101 000101 111111
01000110 000110 111111
01000111 000111 111111
01001000 000000 111111
01001001 000000 111111
01001010 000000 111111
01001011 000000 111111
01001100 000100 111111
01001101 000100 111111
01001110 000100 111111
01001111 000100 111111
01010000 000101 111111
01010001 000101 111111
01010010 000101 111111
01010011 000101 111111
01010100 000101 111111
01010101 000000 111111
01010110 000110 111111
01010111 000111 111111
01011000 000000 111111
01011001 000001 111111
01011010 000000 111111
01011011 000001 111111
01011100 000100 111111
01011101 000101 111111
01011110 000100 111111
01011111 000101 111111
01100000 000110 111111
01100001 000110 111111
01100010 000110 111111
01100011 000110 111111
01100100 000110 111111
01100101 000110 111111
01100110 000000 111111
01100111 000111 111111
01101000 000000 111111
01101001 000000 111111
01101010 000010 111111
01101011 000010 111111
01101100 000100 111111
01101101 000100 111111
01101110 000110 111111
01101111 000110 111111
01110000 000111 111111
01110001 000111 111111
01110010 000111 111111
01110011 000111 111111
01110100 000111 111111
01110101 000111 111111
01110110 000111 111111
01110111 000000 111111
01111000 000000 111111
01111001 000001 111111
01111010 000010 111111
01111011 000011 111111
01111100 000100 111111
01111101 000101 111111
01111110 000110 111111
01111111 000111 111111
10000000 011000 111111
10000001 011000 111111
10000010 011000 111111
10000011 011000 111111
10000100 011000 111111
10000101 011000 111111
10000110 011000 111111
10000111 011000 111111
10001000 001000 111111
10001001 000000 111111
10001010 000000 111111
10001011 000000 111111
10001100 000000 111111
10001101 000000 111111
10001110 000000 111111
10001111 000000 111111
10010000 011011 111111
10010001 011011 111111
10010010 011011 111111
10010011 011011 111111
10010100 011011 111111
10010101 011011 111111
10010110 011011 111111
10010111 011011 111111
10011000 000000 111111
10011001 001001 111111
10011010 000000 111111
10011011 000000 111111
10011100 000000 111111
10011101 000000 111111
10011110 000000 111111
10011111 000000 111111
10100000 011110 111111
10100001 011110 111111
10100010 011110 111111
10100011 011110 111111
10100100 011110 111111
10100101 011110 111111
10100110 011110 111111
10100111 011110 111111
10101000 000000 111111
10101001 000000 111111
10101010 001010 111111
10101011 000000 111111
10101100 000000 111111
10101101 000000 111111
10101110 000000 111111
10101111 000000 111111
10110000 100001 111111
10110001 100001 111111
10110010 100001 111111
10110011 100001 111111
10110100 100001 111111
10110101 100001 111111
10110110 100001 111111
10110111 100001 111111
10111000 000000 111111
10111001 000000 111111
10111010 000000 111111
10111011 001011 111111
10111100 000000 111111
10111101 000000 111111
10111110 000000 111111
10111111 000000 111111
11000000 100100 111111
11000001 100100 111111
11000010 100100 111111
11000011 100100 111111
11000100 100100 111111
11000101 100100 111111
11000110 100100 111111
11000111 100100 111111
11001000 000000 111111
11001001 000000 111111
11001010 000000 111111
11001011 000000 111111
11001100 001100 111111
11001101 000000 111111
11001110 000000 111111
11001111 000000 111111
11010000 100111 111111
11010001 100111 111111
11010010 100111 111111
11010011 100111 111111
11010100 100111 111111
11010101 100111 111111
11010110 100111 111111
11010111 100111 111111
11011000 000000 111111
11011001 000000 111111
11011010 000000 111111
11011011 000000 111111
11011100 000000 111111
11011101 001101 111111
11011110 000000 111111
11011111 000000 111111
11100000 101010 111111
11100001 101010 111111
11100010 101010 111111
11100011 101010 111111
11100100 101010 111111
11100101 101010 111111
11100110 101010 111111
11100111 101010 111111
11101000 000000 111111
11101001 000000 111111
11101010 000000 111111
11101011 000000 111111
11101100 000000 111111
11101101 000000 111111
11101110 001110 111111
11101111 000000 111111
11110000 101101 111111
11110001 101101 111111
11110010 101101 111111
11110011 101101 111111
11110100 101101 111111
11110101 101101 111111
11110110 101101 111111
11110111 101101 111111
11111000 000000 111111
11111001 000000 111111
11111010 000000 111111
11111011 000000 111111
11111100 000000 111111
11111101 000000 111111
11111110 000000 111111
11111111 001111 111111
