000000 0000000000000000
000001 0000000000000000
000010 0000000000000000
000011 0000000000000000
000100 0000000000000001
ERROR: line 6
000101 0000000100000000
ERROR: line 7
000110 0000000000010000
000111 0001000000000000
001000 0000000000000010
ERROR: line 10
001001 0000001000000000
ERROR: line 11
001010 0000000000100000
001011 0010000000000000
001100 0000000000000011
ERROR: line 14
001101 0000001100000000
ERROR: line 15
001110 0000000000110000
001111 0011000000000000
010000 0000000000000100
ERROR: line 18
010001 0000010000000000
ERROR: line 19
010010 0000000001000000
010011 0100000000000000
010100 0000000000000101
ERROR: line 22
010101 0000010100000000
ERROR: line 23
010110 0000000001010000
010111 0101000000000000
011000 0000000000000110
ERROR: line 26
011001 0000011000000000
ERROR: line 27
011010 0000000001100000
011011 0110000000000000
011100 0000000000000111
ERROR: line 30
011101 0000011100000000
ERROR: line 31
011110 0000000001110000
011111 0111000000000000
100000 0000000000001000
ERROR: line 34
100001 0000100000000000
ERROR: line 35
100010 0000000010000000
100011 1000000000000000
100100 0000000000001001
ERROR: line 38
100101 0000100100000000
ERROR: line 39
100110 0000000010010000
100111 1001000000000000
101000 0000000000001010
ERROR: line 42
101001 0000101000000000
ERROR: line 43
101010 0000000010100000
101011 1010000000000000
101100 0000000000001011
ERROR: line 46
101101 0000101100000000
ERROR: line 47
101110 0000000010110000
101111 1011000000000000
110000 0000000000001100
ERROR: line 50
110001 0000110000000000
ERROR: line 51
110010 0000000011000000
110011 1100000000000000
110100 0000000000001101
ERROR: line 54
110101 0000110100000000
ERROR: line 55
110110 0000000011010000
110111 1101000000000000
111000 0000000000001110
ERROR: line 58
111001 0000111000000000
ERROR: line 59
111010 0000000011100000
111011 1110000000000000
111100 0000000000001111
ERROR: line 62
111101 0000111100000000
ERROR: line 63
111110 0000000011110000
111111 1111000000000000
