000000 0000000000000000 1111111111111111
000001 0000000000000000 1111111111111111
000010 0000000000000000 1111111111111111
000011 0000000000000000 1111111111111111
000100 0000000000000001 1111111111111111
000101 0000000000010000 1111111111111111
000110 0000000100000000 1111111111111111
000111 0001000000000000 1111111111111111
001000 0000000000000010 1111111111111111
001001 0000000000100000 1111111111111111
001010 0000001000000000 1111111111111111
001011 0010000000000000 1111111111111111
001100 0000000000000011 1111111111111111
001101 0000000000110000 1111111111111111
001110 0000001100000000 1111111111111111
001111 0011000000000000 1111111111111111
010000 0000000000000100 1111111111111111
010001 0000000001000000 1111111111111111
010010 0000010000000000 1111111111111111
010011 0100000000000000 1111111111111111
010100 0000000000000101 1111111111111111
010101 0000000001010000 1111111111111111
010110 0000010100000000 1111111111111111
010111 0101000000000000 1111111111111111
011000 0000000000000110 1111111111111111
011001 0000000001100000 1111111111111111
011010 0000011000000000 1111111111111111
011011 0110000000000000 1111111111111111
011100 0000000000000111 1111111111111111
011101 0000000001110000 1111111111111111
011110 0000011100000000 1111111111111111
011111 0111000000000000 1111111111111111
100000 0000000000001000 1111111111111111
100001 0000000010000000 1111111111111111
100010 0000100000000000 1111111111111111
100011 1000000000000000 1111111111111111
100100 0000000000001001 1111111111111111
100101 0000000010010000 1111111111111111
100110 0000100100000000 1111111111111111
100111 1001000000000000 1111111111111111
101000 0000000000001010 1111111111111111
101001 0000000010100000 1111111111111111
101010 0000101000000000 1111111111111111
101011 1010000000000000 1111111111111111
101100 0000000000001011 1111111111111111
101101 0000000010110000 1111111111111111
101110 0000101100000000 1111111111111111
101111 1011000000000000 1111111111111111
110000 0000000000001100 1111111111111111
110001 0000000011000000 1111111111111111
110010 0000110000000000 1111111111111111
110011 1100000000000000 1111111111111111
110100 0000000000001101 1111111111111111
110101 0000000011010000 1111111111111111
110110 0000110100000000 1111111111111111
110111 1101000000000000 1111111111111111
111000 0000000000001110 1111111111111111
111001 0000000011100000 1111111111111111
111010 0000111000000000 1111111111111111
111011 1110000000000000 1111111111111111
111100 0000000000001111 1111111111111111
111101 0000000011110000 1111111111111111
111110 0000111100000000 1111111111111111
111111 1111000000000000 1111111111111111
