00000000 000000
00000001 000001
00000010 000010
00000011 000011
00000100 000100
00000101 000101
00000110 000110
00000111 000111
00001000 000000
00001001 000000
00001010 000000
00001011 000000
00001100 000000
00001101 000000
00001110 000000
00001111 000000
00010000 000001
00010001 000000
00010010 000010
00010011 000011
00010100 000100
00010101 000101
00010110 000110
00010111 000111
00011000 000000
00011001 000001
00011010 000000
00011011 000001
00011100 000000
00011101 000001
00011110 000000
00011111 000001
00100000 000010
00100001 000010
00100010 000000
00100011 000011
00100100 000100
00100101 000101
00100110 000110
00100111 000111
00101000 000000
00101001 000000
00101010 000010
00101011 000010
00101100 000000
00101101 000000
00101110 000010
00101111 000010
00110000 000011
00110001 000011
00110010 000011
00110011 000000
00110100 000100
00110101 000101
00110110 000110
00110111 000111
00111000 000000
00111001 000001
00111010 000010
00111011 000011
00111100 000000
00111101 000001
00111110 000010
00111111 000011
01000000 000100
01000001 000100
01000010 000100
01000011 000100
01000100 000000
01000101 000101
01000110 000110
01000111 000111
01001000 000000
01001001 000000
01001010 000000
01001011 000000
01001100 000100
01001101 000100
01001110 000100
01001111 000100
01010000 000101
01010001 000101
01010010 000101
01010011 000101
01010100 000101
01010101 000000
01010110 000110
01010111 000111
01011000 000000
01011001 000001
01011010 000000
01011011 000001
01011100 000100
01011101 000101
01011110 000100
01011111 000101
01100000 000110
01100001 000110
01100010 000110
01100011 000110
01100100 000110
01100101 000110
01100110 000000
01100111 000111
01101000 000000
01101001 000000
01101010 000010
01101011 000010
01101100 000100
01101101 000100
01101110 000110
01101111 000110
01110000 000111
01110001 000111
01110010 000111
01110011 000111
01110100 000111
01110101 000111
01110110 000111
01110111 000000
01111000 000000
01111001 000001
01111010 000010
01111011 000011
01111100 000100
01111101 000101
01111110 000110
01111111 000111
10000000 011000
10000001 011000
10000010 011000
10000011 011000
10000100 011000
10000101 011000
10000110 011000
10000111 011000
10001000 001000
10001001 000000
10001010 000000
10001011 000000
10001100 000000
10001101 000000
10001110 000000
10001111 000000
10010000 011011
10010001 011011
10010010 011011
10010011 011011
10010100 011011
10010101 011011
10010110 011011
10010111 011011
10011000 000000
10011001 001001
10011010 000000
10011011 000000
10011100 000000
10011101 000000
10011110 000000
10011111 000000
10100000 011110
10100001 011110
10100010 011110
10100011 011110
10100100 011110
10100101 011110
10100110 011110
10100111 011110
10101000 000000
10101001 000000
10101010 001010
10101011 000000
10101100 000000
10101101 000000
10101110 000000
10101111 000000
10110000 100001
10110001 100001
10110010 100001
10110011 100001
10110100 100001
10110101 100001
10110110 100001
10110111 100001
10111000 000000
10111001 000000
10111010 000000
10111011 001011
10111100 000000
10111101 000000
10111110 000000
10111111 000000
11000000 100100
11000001 100100
11000010 100100
11000011 100100
11000100 100100
11000101 100100
11000110 100100
11000111 100100
11001000 000000
11001001 000000
11001010 000000
11001011 000000
11001100 001100
11001101 000000
11001110 000000
11001111 000000
11010000 100111
11010001 100111
11010010 100111
11010011 100111
11010100 100111
11010101 100111
11010110 100111
11010111 100111
11011000 000000
11011001 000000
11011010 000000
11011011 000000
11011100 000000
11011101 001101
11011110 000000
11011111 000000
11100000 101010
11100001 101010
11100010 101010
11100011 101010
11100100 101010
11100101 101010
11100110 101010
11100111 101010
11101000 000000
11101001 000000
11101010 000000
11101011 000000
11101100 000000
11101101 000000
11101110 001110
11101111 000000
11110000 101101
11110001 101101
11110010 101101
11110011 101101
11110100 101101
11110101 101101
11110110 101101
11110111 101101
11111000 000000
11111001 000000
11111010 000000
11111011 000000
11111100 000000
11111101 000000
11111110 000000
11111111 001111
