10001000 0000
10001001 1111
10001010 1110
10001011 1101
10001100 1100
10001101 1011
10001110 1010
10001111 1001
10000000 1000
10000001 0111
10000010 0110
10000011 0101
10000100 0100
10000101 0011
10000110 0010
10000111 0001
10011000 0001
10011001 0000
10011010 1111
10011011 1110
10011100 1101
10011101 1100
10011110 1011
10011111 1010
10010000 1001
10010001 1000
10010010 0111
10010011 0110
10010100 0101
10010101 0100
10010110 0011
10010111 0010
10101000 0010
10101001 0001
10101010 0000
10101011 1111
10101100 1110
10101101 1101
10101110 1100
10101111 1011
10100000 1010
10100001 1001
10100010 1000
10100011 0111
10100100 0110
10100101 0101
10100110 0100
10100111 0011
10111000 0011
10111001 0010
10111010 0001
10111011 0000
10111100 1111
10111101 1110
10111110 1101
10111111 1100
10110000 1011
10110001 1010
10110010 1001
10110011 1000
10110100 0111
10110101 0110
10110110 0101
10110111 0100
11001000 0100
11001001 0011
11001010 0010
11001011 0001
11001100 0000
11001101 1111
11001110 1110
11001111 1101
11000000 1100
11000001 1011
11000010 1010
11000011 1001
11000100 1000
11000101 0111
11000110 0110
11000111 0101
11011000 0101
11011001 0100
11011010 0011
11011011 0010
11011100 0001
11011101 0000
11011110 1111
11011111 1110
11010000 1101
11010001 1100
11010010 1011
11010011 1010
11010100 1001
11010101 1000
11010110 0111
11010111 0110
11101000 0110
11101001 0101
11101010 0100
11101011 0011
11101100 0010
11101101 0001
11101110 0000
11101111 1111
11100000 1110
11100001 1101
11100010 1100
11100011 1011
11100100 1010
11100101 1001
11100110 1000
11100111 0111
11111000 0111
11111001 0110
11111010 0101
11111011 0100
11111100 0011
11111101 0010
11111110 0001
11111111 0000
11110000 1111
11110001 1110
11110010 1101
11110011 1100
11110100 1011
11110101 1010
11110110 1001
11110111 1000
00001000 1000
00001001 0111
00001010 0110
00001011 0101
00001100 0100
00001101 0011
00001110 0010
00001111 0001
00000000 0000
00000001 1111
00000010 1110
00000011 1101
00000100 1100
00000101 1011
00000110 1010
00000111 1001
00011000 1001
00011001 1000
00011010 0111
00011011 0110
00011100 0101
00011101 0100
00011110 0011
00011111 0010
00010000 0001
00010001 0000
00010010 1111
00010011 1110
00010100 1101
00010101 1100
00010110 1011
00010111 1010
00101000 1010
00101001 1001
00101010 1000
00101011 0111
00101100 0110
00101101 0101
00101110 0100
00101111 0011
00100000 0010
00100001 0001
00100010 0000
00100011 1111
00100100 1110
00100101 1101
00100110 1100
00100111 1011
00111000 1011
00111001 1010
00111010 1001
00111011 1000
00111100 0111
00111101 0110
00111110 0101
00111111 0100
00110000 0011
00110001 0010
00110010 0001
00110011 0000
00110100 1111
00110101 1110
00110110 1101
00110111 1100
01001000 1100
01001001 1011
01001010 1010
01001011 1001
01001100 1000
01001101 0111
01001110 0110
01001111 0101
01000000 0100
01000001 0011
01000010 0010
01000011 0001
01000100 0000
01000101 1111
01000110 1110
01000111 1101
01011000 1101
01011001 1100
01011010 1011
01011011 1010
01011100 1001
01011101 1000
01011110 0111
01011111 0110
01010000 0101
01010001 0100
01010010 0011
01010011 0010
01010100 0001
01010101 0000
01010110 1111
01010111 1110
01101000 1110
01101001 1101
01101010 1100
01101011 1011
01101100 1010
01101101 1001
01101110 1000
01101111 0111
01100000 0110
01100001 0101
01100010 0100
01100011 0011
01100100 0010
01100101 0001
01100110 0000
01100111 1111
01111000 1111
01111001 1110
01111010 1101
01111011 1100
01111100 1011
01111101 1010
01111110 1001
01111111 1000
01110000 0111
01110001 0110
01110010 0101
01110011 0100
01110100 0011
01110101 0010
01110110 0001
01110111 0000
